#N canvas 413 22 672 664 10;
#X obj 103 384 cos~;
#X obj 103 361 *~;
#X obj 146 384 cos~;
#X obj 201 329 wrap~;
#X obj 165 329 -~;
#X obj 146 361 +~;
#X obj 139 414 -~;
#X obj 159 446 *~;
#X obj 121 446 +~;
#X obj 165 297 samphold~;
#X floatatom 165 97 4 0 127 0 - - -;
#X text 161 59 center;
#X obj 165 164 line~;
#X obj 165 141 pack 0 50;
#X obj 56 240 phasor~;
#X floatatom 56 146 4 0 127 0 - - -;
#X text 47 107 fundamental;
#X floatatom 363 160 4 0 127 0 - - -;
#X obj 363 231 line~;
#X obj 274 360 *~;
#X obj 363 208 pack 0 50;
#N canvas 94 264 608 396 make-table 0;
#X msg 81 44 bang;
#X obj 81 73 t b b;
#X obj 159 142 f;
#X obj 197 142 + 1;
#X msg 175 112 0;
#X obj 81 102 until;
#X obj 161 177 t f f;
#X obj 76 306 tabwrite bell-curve;
#X obj 52 270 expr exp(-$f1*$f1);
#X obj 63 168 sel 199;
#X obj 51 241 expr ($f1-100)/25;
#N canvas 0 22 450 300 graph4 0;
#X array bell-curve 200 float 1;
#A 0 1.12535e-07 1.54727e-07 2.12059e-07 2.89706e-07 3.94519e-07 5.35535e-07
7.24633e-07 9.77371e-07 1.31404e-06 1.76105e-06 2.35258e-06 3.13275e-06
4.15832e-06 5.50199e-06 7.25659e-06 9.54016e-06 1.25023e-05 1.63317e-05
2.1266e-05 2.76026e-05 3.57128e-05 4.60584e-05 5.92113e-05 7.58768e-05
9.69224e-05 0.00012341 0.000156634 0.000198167 0.000249912 0.000314163
0.000393669 0.000491721 0.000612231 0.000759842 0.000940028 0.00115923
0.00142498 0.00174605 0.00213263 0.00259648 0.00315111 0.00381201 0.00459678
0.0055254 0.0066204 0.00790705 0.0094136 0.0111714 0.013215 0.0155826
0.0183156 0.0214592 0.0250621 0.0291763 0.0338573 0.0391639 0.0451575
0.0519019 0.0594631 0.0679081 0.0773047 0.0877205 0.0992216 0.111872
0.125732 0.140858 0.1573 0.1751 0.194291 0.214896 0.236928 0.260383
0.285247 0.311486 0.339053 0.367879 0.397882 0.428956 0.46098 0.493812
0.527292 0.561244 0.595473 0.62977 0.663916 0.697676 0.730811 0.763074
0.794216 0.823987 0.852144 0.878447 0.902668 0.924595 0.944027 0.960789
0.974725 0.985703 0.99362 0.998401 1 0.998401 0.99362 0.985703 0.974725
0.960789 0.944027 0.924595 0.902668 0.878447 0.852144 0.823987 0.794216
0.763074 0.730811 0.697676 0.663916 0.62977 0.595473 0.561244 0.527292
0.493812 0.46098 0.428956 0.397882 0.367879 0.339053 0.311486 0.285247
0.260383 0.236928 0.214896 0.194291 0.1751 0.1573 0.140858 0.125732
0.111872 0.0992216 0.0877205 0.0773047 0.0679081 0.0594631 0.0519019
0.0451575 0.0391639 0.0338573 0.0291763 0.0250621 0.0214592 0.0183156
0.0155826 0.013215 0.0111714 0.0094136 0.00790705 0.0066204 0.0055254
0.00459678 0.00381201 0.00315111 0.00259648 0.00213263 0.00174605 0.00142498
0.00115923 0.000940028 0.000759842 0.000612231 0.000491721 0.000393669
0.000314163 0.000249912 0.000198167 0.000156634 0.00012341 9.69224e-05
7.58768e-05 5.92113e-05 4.60584e-05 3.57128e-05 2.76026e-05 2.1266e-05
1.63317e-05 1.25023e-05 9.54016e-06 7.25659e-06 5.50199e-06 4.15832e-06
3.13275e-06 2.35258e-06 1.76105e-06 1.31404e-06 9.77371e-07 7.24633e-07
5.35535e-07 3.94519e-07 2.89706e-07 2.12059e-07 1.54727e-07;
#X coords 0 1 199 0 200 140 1;
#X restore 342 85 graph;
#X connect 0 0 1 0;
#X connect 1 0 5 0;
#X connect 1 1 4 0;
#X connect 2 0 3 0;
#X connect 2 0 6 0;
#X connect 2 0 9 0;
#X connect 3 0 2 1;
#X connect 4 0 2 1;
#X connect 5 0 2 0;
#X connect 6 0 10 0;
#X connect 6 1 7 1;
#X connect 8 0 7 0;
#X connect 9 0 5 1;
#X connect 10 0 8 0;
#X restore 488 408 pd make-table;
#X obj 274 334 cos~;
#X obj 274 309 -~ 0.25;
#X obj 274 386 +~ 100;
#X obj 274 409 tabread4~ bell-curve;
#X obj 159 483 *~;
#X text 306 434 waveshaper;
#X obj 56 170 mtof;
#X obj 187 189 expr 1/$f1;
#X obj 165 117 mtof;
#X text 160 74 freq.;
#X obj 165 213 *~;
#X text 361 133 bandwidth;
#X obj 363 182 mtof;
#X obj 363 267 *~;
#X obj 363 291 *~ 25;
#X text 403 266 divide by fundamental;
#X text 421 290 range for table;
#X text 340 385 offset to middle of table;
#X text 172 235 C.F. relative;
#X text 173 251 to fundamental;
#X text 45 122 (MIDI units);
#X text 197 480 ring mod;
#X obj 274 284 *~ 0.5;
#X obj 159 513 outlet~;
#X obj 55 38 inlet;
#X obj 165 29 inlet;
#X obj 361 33 inlet;
#X connect 0 0 6 1;
#X connect 0 0 8 0;
#X connect 1 0 5 0;
#X connect 1 0 0 0;
#X connect 2 0 6 0;
#X connect 3 0 4 1;
#X connect 3 0 7 1;
#X connect 4 0 1 1;
#X connect 5 0 2 0;
#X connect 6 0 7 0;
#X connect 7 0 8 1;
#X connect 8 0 26 0;
#X connect 9 0 4 0;
#X connect 9 0 3 0;
#X connect 10 0 30 0;
#X connect 12 0 32 0;
#X connect 13 0 12 0;
#X connect 14 0 9 1;
#X connect 14 0 1 0;
#X connect 14 0 5 1;
#X connect 14 0 44 0;
#X connect 15 0 28 0;
#X connect 17 0 34 0;
#X connect 18 0 35 0;
#X connect 19 0 24 0;
#X connect 20 0 18 0;
#X connect 22 0 19 0;
#X connect 23 0 22 0;
#X connect 24 0 25 0;
#X connect 25 0 26 1;
#X connect 26 0 45 0;
#X connect 28 0 29 0;
#X connect 28 0 14 0;
#X connect 29 0 32 1;
#X connect 29 0 35 1;
#X connect 30 0 13 0;
#X connect 32 0 9 0;
#X connect 34 0 20 0;
#X connect 35 0 36 0;
#X connect 36 0 19 1;
#X connect 44 0 23 0;
#X connect 46 0 15 0;
#X connect 47 0 10 0;
#X connect 48 0 17 0;
