#N canvas 64 22 555 608 10;
#X obj 95 428 cos~;
#X obj 95 405 *~;
#X obj 138 428 cos~;
#X obj 193 373 wrap~;
#X obj 157 373 -~;
#X obj 138 405 +~;
#X obj 131 458 -~;
#X obj 151 490 *~;
#X obj 113 490 +~;
#X obj 157 341 samphold~;
#X floatatom 157 141 4 0 127 0 - - -;
#X text 153 103 center;
#X obj 157 208 line~;
#X obj 157 185 pack 0 50;
#X obj 48 284 phasor~;
#X floatatom 48 190 4 0 127 0 - - -;
#X text 39 151 fundamental;
#X floatatom 355 204 4 0 127 0 - - -;
#X obj 355 275 line~;
#X obj 266 404 *~;
#X obj 355 252 pack 0 50;
#N canvas 94 264 600 388 make-table 1;
#X msg 81 44 bang;
#X obj 81 73 t b b;
#X obj 159 142 f;
#X obj 197 142 + 1;
#X msg 175 112 0;
#X obj 81 102 until;
#X obj 161 177 t f f;
#X obj 76 306 tabwrite bell-curve;
#X obj 52 270 expr exp(-$f1*$f1);
#X obj 63 168 sel 199;
#X obj 51 241 expr ($f1-100)/25;
#N canvas 0 22 450 300 (subpatch) 0;
#X array \$0-bell-curve 200 float 1;
#A 0 1.12535e-07 1.54727e-07 2.12059e-07 2.89706e-07 3.94519e-07 5.35535e-07
7.24633e-07 9.77371e-07 1.31404e-06 1.76105e-06 2.35258e-06 3.13275e-06
4.15832e-06 5.50199e-06 7.25659e-06 9.54016e-06 1.25023e-05 1.63317e-05
2.1266e-05 2.76026e-05 3.57128e-05 4.60584e-05 5.92113e-05 7.58768e-05
9.69224e-05 0.00012341 0.000156634 0.000198167 0.000249912 0.000314163
0.000393669 0.000491721 0.000612231 0.000759842 0.000940028 0.00115923
0.00142498 0.00174605 0.00213263 0.00259648 0.00315111 0.00381201 0.00459678
0.0055254 0.0066204 0.00790705 0.0094136 0.0111714 0.013215 0.0155826
0.0183156 0.0214592 0.0250621 0.0291763 0.0338573 0.0391639 0.0451575
0.0519019 0.0594631 0.0679081 0.0773047 0.0877205 0.0992216 0.111872
0.125732 0.140858 0.1573 0.1751 0.194291 0.214896 0.236928 0.260383
0.285247 0.311486 0.339053 0.367879 0.397882 0.428956 0.46098 0.493812
0.527292 0.561244 0.595473 0.62977 0.663916 0.697676 0.730811 0.763074
0.794216 0.823987 0.852144 0.878447 0.902668 0.924595 0.944027 0.960789
0.974725 0.985703 0.99362 0.998401 1 0.998401 0.99362 0.985703 0.974725
0.960789 0.944027 0.924595 0.902668 0.878447 0.852144 0.823987 0.794216
0.763074 0.730811 0.697676 0.663916 0.62977 0.595473 0.561244 0.527292
0.493812 0.46098 0.428956 0.397882 0.367879 0.339053 0.311486 0.285247
0.260383 0.236928 0.214896 0.194291 0.1751 0.1573 0.140858 0.125732
0.111872 0.0992216 0.0877205 0.0773047 0.0679081 0.0594631 0.0519019
0.0451575 0.0391639 0.0338573 0.0291763 0.0250621 0.0214592 0.0183156
0.0155826 0.013215 0.0111714 0.0094136 0.00790705 0.0066204 0.0055254
0.00459678 0.00381201 0.00315111 0.00259648 0.00213263 0.00174605 0.00142498
0.00115923 0.000940028 0.000759842 0.000612231 0.000491721 0.000393669
0.000314163 0.000249912 0.000198167 0.000156634 0.00012341 9.69224e-05
7.58768e-05 5.92113e-05 4.60584e-05 3.57128e-05 2.76026e-05 2.1266e-05
1.63317e-05 1.25023e-05 9.54016e-06 7.25659e-06 5.50199e-06 4.15832e-06
3.13275e-06 2.35258e-06 1.76105e-06 1.31404e-06 9.77371e-07 7.24633e-07
5.35535e-07 3.94519e-07 2.89706e-07 2.12059e-07 1.54727e-07;
#X coords 0 1 199 0 200 140 1;
#X restore 342 85 graph;
#X connect 0 0 1 0;
#X connect 1 0 5 0;
#X connect 1 1 4 0;
#X connect 2 0 3 0;
#X connect 2 0 6 0;
#X connect 2 0 9 0;
#X connect 3 0 2 1;
#X connect 4 0 2 1;
#X connect 5 0 2 0;
#X connect 6 0 10 0;
#X connect 6 1 7 1;
#X connect 8 0 7 0;
#X connect 9 0 5 1;
#X connect 10 0 8 0;
#X restore 349 519 pd make-table;
#X obj 266 378 cos~;
#X obj 266 353 -~ 0.25;
#X obj 266 430 +~ 100;
#X text 298 478 waveshaper;
#X obj 48 214 mtof;
#X obj 179 233 expr 1/$f1;
#X obj 157 161 mtof;
#X text 152 118 freq.;
#X obj 157 257 *~;
#X text 353 177 bandwidth;
#X obj 355 226 mtof;
#X obj 355 311 *~;
#X obj 355 335 *~ 25;
#X text 395 310 divide by fundamental;
#X text 413 334 range for table;
#X text 332 429 offset to middle of table;
#X text 164 279 C.F. relative;
#X text 165 295 to fundamental;
#X text 37 166 (MIDI units);
#X obj 266 328 *~ 0.5;
#X obj 47 23 inlet fundamental;
#X obj 157 56 inlet fc;
#X obj 355 60 inlet bw;
#X obj 143 539 *~;
#X text 179 537 ring mod;
#X obj 143 567 outlet~;
#X obj 266 453 tabread4~ \$0-bell-curve;
#X connect 0 0 6 1;
#X connect 0 0 8 0;
#X connect 1 0 5 0;
#X connect 1 0 0 0;
#X connect 2 0 6 0;
#X connect 3 0 4 1;
#X connect 3 0 7 1;
#X connect 4 0 1 1;
#X connect 5 0 2 0;
#X connect 6 0 7 0;
#X connect 7 0 8 1;
#X connect 8 0 45 0;
#X connect 9 0 4 0;
#X connect 9 0 3 0;
#X connect 10 0 28 0;
#X connect 12 0 30 0;
#X connect 13 0 12 0;
#X connect 14 0 9 1;
#X connect 14 0 1 0;
#X connect 14 0 5 1;
#X connect 14 0 41 0;
#X connect 15 0 26 0;
#X connect 17 0 32 0;
#X connect 18 0 33 0;
#X connect 19 0 24 0;
#X connect 20 0 18 0;
#X connect 22 0 19 0;
#X connect 23 0 22 0;
#X connect 24 0 48 0;
#X connect 26 0 27 0;
#X connect 26 0 14 0;
#X connect 27 0 30 1;
#X connect 27 0 33 1;
#X connect 28 0 13 0;
#X connect 30 0 9 0;
#X connect 32 0 20 0;
#X connect 33 0 34 0;
#X connect 34 0 19 1;
#X connect 41 0 23 0;
#X connect 42 0 15 0;
#X connect 43 0 10 0;
#X connect 44 0 17 0;
#X connect 45 0 47 0;
#X connect 48 0 45 1;
